26665
20562
14585
12434
13899
7172
4320
24614
18678
10770
5576
16503
26148
30304
10900
25902
24046
12147
10057
23436
2210
3120
26562
20045
27415
12006
12965
8403
30013
14735
3221
17792
3832
30547
19369
21348
26415
16206
32541
7960
14624
29843
32584
23273
31734
18289
14798
569
12445
7157
3607
5155
16853
14767
19968
24926
10885
10425
14032
29028
22098
24566
30317
17107
28785
10392
4304
27411
5305
23269
14774
22841
5885
22586
30360
16427
21656
26192
7390
27653
17481
20414
80
1724
14402
28095
26061
4098
1659
32566
3647
3177
2892
28911
28110
12234
14907
31528
25428
1768
12563
14416
1041
25681
310
6414
20385
5253
9011
22917
24618
7514
18587
23511
27354
3231
17
3047
9361
6656
24481
12388
24282
8233
10579
19715
28960
12591
7679
31243
16927
18987
29282
21783
1432
27176
6770
28439
585
4159
24303
23449
29724
25856
28987
17735
24223
4884
29035
11184
25524
4897
6814
11851
29322
28398
2445
2232
25291
16328
20836
9290
20503
27684
21201
25283
18866
26757
2394
1630
10873
32672
17139
23315
11547
26046
30160
1302
4229
7011
10360
6305
24734
25389
8219
24307
14133
20222
18725
27801
2359
10334
3603
27884
21542
14362
4229
18139
16326
12593
30869
32490
2074
17137
20072
31355
17294
5726
4610
2124
22902
15059
1375
21058
15543
17900
23743
7269
16068
10914
18753
29995
3789
3000
4531
15097
14643
3415
11689
6887
15166
27125
5836
27844
32530
20091
17525
4186
21471
16806
1403
12274
13913
6829
11337
3099
32104
19237
16691
13480
16160
34
12042
21240
499
24224
7661
27002
3621
24353
28771
11375
29569
3223
5799
22514
5963
10883
11331
10038
24181
1631
5088
20752
18453
30778
1373
11701
3095
22178
16926
27076
4655
25030
25511
27271
21778
27100
30825
18294
1510
13505
25307
31996
1015
26335
11981
15486
31915
29524
20730
32154
18360
22353
1244
13484
21396
9407
15556
21143
13870
8233
22569
29122
13787
30166
5184
21600
24211
18997
27342
6133
30557
10623
21307
16917
27656
6807
6631
2671
32540
22837
16833
1547
22544
31555
9237
6096
16829
1415
17061
19017
11539
13187
32764
30377
19467
30361
12799
23820
22748
28787
17093
4607
23922
27810
21416
25923
3868
7557
5788
9678
4741
8301
20928
26387
15333
3326
16691
11139
8056
5081
19241
6228
1584
28792
14910
5761
6823
12888
29194
1298
25175
8542
20981
24733
22285
16756
14924
1037
13467
14707
26517
26274
20173
8517
6176
31545
927
31563
12255
5326
7597
23804
20087
29759
15083
2767
2967
25426
2966
2907
19849
250
32107
30141
28167
8918
10006
32571
8527
28667
2029
3111
21370
6387
28638
18437
28681
20741
9126
2288
18369
27831
4420
569
2233
18834
10414
2642
31921
25381
11458
30698
421
14669
4223
23130
28834
27571
13429
4416
26329
11925
6266
1897
9458
31946
21919
5365
30882
11008
29795
19637
25728
16457
29478
14552
31252
14294
4320
19143
6705
4097
12306
589
3973
19089
26109
4091
14191
16954
2579
30411
11536
31076
22955
28931
10917
17966
1016
7260
5396
32689
12860
12644
26052
4233
24633
18977
26290
4754
6376
31735
29890
22511
27502
18635
15443
1361
11340
11113
9237
8565
22230
17187
23071
15855
8934
25275
14140
7463
8913
1668
27782
31137
32154
30147
12087
21121
6502
4955
22203
24910
18992
8618
8458
7414
22718
32174
4404
28178
30164
5484
7229
30828
28071
7570
6188
7614
12180
19035
8543
7613
32274
4019
27169
30550
23270
11420
10367
28472
918
1488
5719
24466
4639
5031
14257
13598
5610
26428
23378
15710
14589
2763
2447
10790
17775
16734
21856
28250
7966
27049
17333
22521
1444
2098
15629
2906
12934
15541
15684
17334
10159
9926
13740
31975
16925
32184
21856
27247
25819
24510
11221
24508
20527
7248
22962
3499
30996
32208
17378
14666
29930
22126
31975
20450
19821
21577
22641
31797
20708
24790
23855
8452
12954
3974
2277
23764
3986
24483
6847
31474
11127
21883
22501
30133
31186
11969
32335
28163
18304
13872
23003
15382
6242
31345
12188
32128
3414
27711
29557
17517
26214
10185
31719
19497
30016
27992
10280
22242
5094
3377
11381
6318
29607
19133
30888
21456
22606
31463
27917
2615
5017
25030
20850
26695
21741
4988
17021
19676
8519
23646
2371
4748
1910
29781
4373
32301
25736
387
28573
30359
19586
11818
13099
27051
27476
21962
27465
661
29195
3466
8085
5453
25673
3033
10448
25444
23026
13141
8242
7677
2345
17644
22784
18714
11387
32065
6241
25625
6489
8529
32622
31614
6860
15958
23432
2034
25700
8428
20718
16012
12658
18290
5006
13904
25718
21427
8732
1781
15067
16325
14178
17644
26850
23090
26071
32413
12765
19798
4466
7924
20637
13832
15296
22812
17453
3453
22069
394
21697
27240
3776
30782
25833
23910
19105
2117
25354
27802
17279
24707
28431
29332
31413
2479
2140
25720
30446
32159
22531
17244
32753
17350
27451
15601
19646
14075
29198
16230
22489
22651
22097
1161
19942
21554
16089
22576
19062
6710
21228
7639
22305
12693
20982
22922
24789
10320
21373
16390
5997
17575
17239
4635
27525
23447
28187
18260
7821
28834
12757
19418
6429
718
9982
21910
31624
10992
21931
5270
7348
28458
19204
17074
27433
28595
8952
22127
25703
20694
23087
23843
5757
1598
31808
16474
24535
25456
549
31353
24920
5529
29932
32417
22185
27274
10414
22486
18640
2305
9157
17249
20228
32298
1594
19058
20927
17509
1405
7946
1046
10058
20569
16408
1862
10474
28454
10467
27791
19544
29761
4007
2373
26985
4281
30595
20772
28087
24907
6546
10980
12012
1937
26969
29453
12861
25462
14433
8461
3380
237
15652
17031
17331
3555
302
16623
18230
27761
31356
9556
31576
13655
21544
20092
25497
16038
10824
19766
24158
31420
15635
23276
4409
17269
24389
7800
27243
26016
9157
13112
23463
176
3717
9829
12825
3764
19626
24224
12199
10378
14318
8654
18807
23119
10562
11558
12209
7193
24247
5000
646
17129
30878
22033
22641
32219
20974
27372
31164
13216
14311
9835
30023
21550
17653
14934
29317
29366
25303
16259
25799
15319
14336
32166
957
7185
1086
25963
11577
10876
12441
28866
5175
11194
5758
23930
24859
16682
16925
30226
10041
6238
13327
23756
21402
11984
26172
